1728974859.499740 -0.001789 0.010196 -0.002613 0.000303 -0.000923 0.000387 0.999999
1728974859.600070 0.004060 0.008551 -0.001907 0.000299 -0.001424 0.000423 0.999999
1728974859.700390 0.006773 -0.001421 0.000413 -0.000164 -0.001063 0.000066 0.999999
1728974859.800230 0.007784 -0.004381 -0.000259 -0.000195 -0.001299 0.000288 0.999999
1728974859.900070 0.006226 -0.011039 0.002994 -0.000458 -0.001457 0.000069 0.999999
1728974860.000390 0.007106 -0.002143 0.001837 0.000145 -0.001753 0.000185 0.999998
1728974860.100230 -0.004808 0.004625 -0.005552 -0.000495 -0.000921 0.000164 0.999999
1728974860.200070 0.000779 -0.004067 -0.005478 -0.000721 -0.000231 -0.000035 1.000000
1728974860.300391 0.000002 0.001955 -0.000314 0.000355 -0.001060 0.000339 0.999999
1728974860.400231 0.002581 0.000659 -0.001874 -0.000275 -0.000466 0.000532 1.000000
1728974860.500071 0.005860 -0.004378 -0.001171 0.000243 -0.001083 0.000633 0.999999
1728974860.600391 0.006286 0.002002 0.002394 0.000586 -0.001565 0.000286 0.999999
1728974860.700231 0.011386 0.004391 0.002757 0.001457 -0.002722 0.000835 0.999995
1728974860.800071 0.002593 0.002762 -0.000567 0.001488 0.002918 0.001252 0.999994
1728974860.900391 0.012363 -0.007530 0.000905 -0.000451 0.007058 0.014068 0.999876
1728974861.000231 -0.004808 0.003180 0.018821 -0.005757 0.010385 0.025557 0.999603
1728974861.100071 -0.052543 0.024713 0.057999 -0.046386 -0.030004 0.062263 0.996530
1728974861.200391 -0.103052 0.058646 0.114704 -0.115276 -0.027932 0.086983 0.989123
1728974861.300231 -0.181336 0.122468 0.180589 -0.145663 -0.007164 0.120063 0.981996
1728974861.400071 -0.274605 0.178993 0.221810 -0.150646 -0.014515 0.180217 0.971914
1728974861.500391 -0.357609 0.244695 0.260854 -0.139435 -0.025798 0.243776 0.959409
1728974861.600231 -0.443487 0.299638 0.284100 -0.118536 -0.052509 0.305802 0.943227
1728974861.700071 -0.522315 0.363539 0.285792 -0.127739 -0.068158 0.343602 0.927887
1728974861.800391 -0.597187 0.463528 0.276853 -0.159620 -0.079980 0.404065 0.897138
1728974861.900231 -0.664670 0.575414 0.262482 -0.182990 -0.088763 0.452048 0.868498
1728974862.000071 -0.727489 0.698425 0.232459 -0.210820 -0.066436 0.495539 0.839989
1728974862.100386 -0.772413 0.814680 0.215455 -0.196270 -0.064953 0.558411 0.803390
1728974862.200231 -0.830140 0.933654 0.173755 -0.167993 -0.085657 0.606863 0.772113
1728974862.300072 -0.883847 1.040574 0.168231 -0.173896 -0.069650 0.653751 0.733157
1728974862.400392 -0.944496 1.197742 0.160503 -0.191351 -0.021464 0.709627 0.677757
1728974862.500232 -1.000409 1.321051 0.173529 -0.170163 0.013627 0.753152 0.635311
1728974862.600072 -1.071337 1.435814 0.186086 -0.164822 0.012286 0.756290 0.633015
1728974862.700392 -1.149747 1.556438 0.184735 -0.181662 -0.014721 0.747337 0.638960
1728974862.800232 -1.231300 1.695052 0.162931 -0.207714 -0.007576 0.746871 0.631650
1728974862.900212 -1.283002 1.810061 0.162035 -0.198683 0.006378 0.739964 0.642603
1728974863.000052 -1.308730 1.928241 0.125417 -0.188444 0.029033 0.716379 0.671154
1728974863.100432 -1.320013 2.036620 0.109044 -0.226488 0.086485 0.733718 0.634730
1728974863.200272 -1.345048 2.126914 0.050524 -0.228375 0.107105 0.744083 0.618638
1728974863.300173 -1.366450 2.262703 0.014277 -0.237359 0.087623 0.750413 0.610625
1728974863.399999 -1.415723 2.326099 -0.029377 -0.256446 0.035186 0.759513 0.596772
1728974863.500413 -1.489405 2.439868 -0.042866 -0.269154 -0.019127 0.763890 0.586227
1728974863.600253 -1.526845 2.529101 -0.049878 -0.255188 -0.024039 0.775267 0.577289
1728974863.700093 -1.568335 2.624217 -0.077526 -0.238788 -0.019366 0.775418 0.584236
1728974863.800413 -1.601744 2.734392 -0.111978 -0.256428 -0.001468 0.748988 0.610949
1728974863.900253 -1.657016 2.838482 -0.144384 -0.278170 0.030613 0.758920 0.587984
1728974864.000093 -1.691123 2.915666 -0.145406 -0.236533 0.015349 0.741572 0.627604
1728974864.100413 -1.748399 3.003788 -0.146668 -0.212792 0.021892 0.742784 0.634438
1728974864.200253 -1.774509 3.057239 -0.162919 -0.216871 0.026331 0.725669 0.652440
1728974864.300094 -1.823451 3.160382 -0.201518 -0.204771 -0.009951 0.707315 0.676516
1728974864.400434 -1.889286 3.226728 -0.259281 -0.216711 -0.043150 0.715584 0.662657
1728974864.499977 -1.933803 3.337865 -0.282338 -0.250120 -0.048597 0.721094 0.644284
1728974864.600114 -2.011236 3.457642 -0.302469 -0.266292 -0.063252 0.713452 0.645038
1728974864.700433 -2.082576 3.558638 -0.322371 -0.249978 -0.066400 0.716556 0.647804
1728974864.800274 -2.143428 3.674499 -0.334404 -0.237192 -0.036779 0.742961 0.624817
1728974864.900114 -2.181398 3.784935 -0.363702 -0.214173 -0.010910 0.755615 0.618916
1728974865.000419 -2.221228 3.894475 -0.410175 -0.211932 -0.016400 0.745257 0.631987
1728974865.100274 -2.261717 3.997249 -0.445465 -0.203778 -0.013212 0.725441 0.657294
1728974865.200114 -2.302993 4.084414 -0.457215 -0.180126 -0.011823 0.713384 0.677125
1728974865.300434 -2.346400 4.175373 -0.458715 -0.175486 -0.006885 0.693845 0.698381
1728974865.400274 -2.371632 4.264149 -0.484804 -0.170841 0.007317 0.687985 0.705292
1728974865.500114 -2.397965 4.381420 -0.504230 -0.187488 0.031505 0.697918 0.690483
1728974865.600434 -2.421556 4.496142 -0.529523 -0.184003 0.013950 0.710875 0.678679
1728974865.700314 -2.459229 4.617099 -0.525443 -0.195556 -0.012937 0.702076 0.684602
1728974865.800154 -2.511135 4.718561 -0.548183 -0.216986 -0.018441 0.701375 0.678712
1728974865.900014 -2.553689 4.858229 -0.547649 -0.226176 -0.016743 0.700238 0.676927
1728974866.000374 -2.587946 4.980650 -0.584590 -0.237123 -0.007181 0.691713 0.682095
1728974866.100229 -2.609402 5.103380 -0.611323 -0.235403 -0.013787 0.686433 0.687899
1728974866.200074 -2.654461 5.192508 -0.615703 -0.237600 -0.010473 0.673361 0.700016
1728974866.300394 -2.684321 5.303763 -0.625540 -0.240142 -0.002865 0.671944 0.700582
1728974866.400229 -2.706176 5.393250 -0.628882 -0.237739 -0.013150 0.671375 0.701828
1728974866.500074 -2.722842 5.495876 -0.647474 -0.227496 -0.012839 0.677698 0.699146
1728974866.600414 -2.730050 5.616952 -0.665356 -0.222960 -0.016043 0.687118 0.691304
1728974866.700254 -2.748896 5.724955 -0.655276 -0.213286 -0.030002 0.695162 0.685827
1728974866.800094 -2.779024 5.861554 -0.653412 -0.211141 -0.028812 0.702279 0.679260
1728974866.900434 -2.805593 5.976909 -0.651253 -0.222127 -0.014522 0.718056 0.659428
1728974867.000274 -2.824016 6.098011 -0.670102 -0.227425 -0.016226 0.720598 0.654792
1728974867.100129 -2.851119 6.224111 -0.694122 -0.234541 -0.023423 0.719616 0.653142
1728974867.200454 -2.885819 6.341895 -0.712948 -0.239596 -0.030720 0.714032 0.657121
1728974867.300295 -2.917013 6.472294 -0.725419 -0.252751 -0.020609 0.696221 0.671541
1728974867.400135 -2.936965 6.593440 -0.723096 -0.251251 -0.005317 0.688366 0.680438
1728974867.500455 -2.947617 6.705321 -0.735596 -0.240883 -0.007425 0.680248 0.692230
1728974867.600295 -2.950106 6.826467 -0.745960 -0.226167 -0.012842 0.672299 0.704768
1728974867.700135 -2.967612 6.945348 -0.762340 -0.215082 -0.016619 0.682303 0.698517
1728974867.800015 -2.979129 7.071965 -0.772146 -0.207408 -0.022542 0.688091 0.694985
1728974867.900335 -3.004726 7.200518 -0.774421 -0.219793 -0.006371 0.695938 0.683609
1728974868.000175 -3.028249 7.325245 -0.785156 -0.229723 -0.006563 0.703026 0.673008
1728974868.100035 -3.055410 7.454995 -0.814196 -0.240110 -0.014489 0.701009 0.671359
1728974868.200355 -3.076929 7.569906 -0.832708 -0.243708 -0.020641 0.702771 0.668052
1728974868.300186 -3.111715 7.690659 -0.855224 -0.243712 -0.022734 0.704350 0.666318
1728974868.400035 -3.136712 7.803312 -0.848687 -0.238769 -0.028783 0.696873 0.675669
1728974868.500355 -3.150678 7.922189 -0.847611 -0.247201 -0.017370 0.685798 0.684303
1728974868.600195 -3.164835 8.042080 -0.866267 -0.246533 -0.012175 0.676536 0.693810
1728974868.700036 -3.168061 8.160572 -0.885300 -0.239521 -0.012387 0.683251 0.689670
1728974868.800355 -3.180773 8.296842 -0.899485 -0.236145 -0.012676 0.698046 0.675875
1728974868.900196 -3.218964 8.429532 -0.900540 -0.228513 -0.023309 0.710584 0.665063
1728974869.000036 -3.243194 8.564774 -0.904013 -0.237673 -0.002374 0.716386 0.655971
1728974869.100355 -3.267602 8.701485 -0.910936 -0.244593 0.002245 0.724290 0.644649
1728974869.200236 -3.300691 8.827034 -0.933923 -0.247206 -0.002050 0.720658 0.647716
1728974869.300076 -3.317868 8.949824 -0.955363 -0.242349 -0.006828 0.716284 0.654337
1728974869.400426 -3.337705 9.084126 -0.966696 -0.242963 -0.003857 0.707919 0.663178
1728974869.500221 -3.362109 9.188061 -0.966908 -0.238431 -0.000856 0.697183 0.676081
1728974869.599715 -3.381952 9.299909 -0.954042 -0.246608 0.009726 0.689875 0.680561
1728974869.700456 -3.397224 9.418024 -0.976583 -0.240672 -0.001598 0.679460 0.693115
1728974869.800296 -3.402881 9.552970 -0.999540 -0.233965 -0.011775 0.682451 0.692375
1728974869.900156 -3.426153 9.661694 -1.011838 -0.231225 -0.010853 0.691497 0.684287
1728974870.000476 -3.439400 9.794131 -1.008654 -0.234003 0.002633 0.702459 0.672151
1728974870.100336 -3.473204 9.928768 -1.007341 -0.246307 0.012257 0.696325 0.674028
1728974870.200176 -3.503152 10.050702 -1.023032 -0.252003 0.000159 0.694318 0.674104
1728974870.300017 -3.544694 10.180078 -1.048321 -0.247802 -0.018969 0.695427 0.674252
1728974870.400397 -3.585122 10.294488 -1.056698 -0.245751 -0.022275 0.692881 0.677515
1728974870.500237 -3.636310 10.394760 -1.063176 -0.235700 -0.010879 0.694794 0.679404
1728974870.600077 -3.683402 10.496621 -1.067596 -0.239494 -0.003598 0.689707 0.683326
1728974870.700437 -3.708279 10.605268 -1.087179 -0.248633 -0.012045 0.678545 0.691096
1728974870.800277 -3.733053 10.716530 -1.118331 -0.242926 -0.022267 0.681094 0.690363
1728974870.900157 -3.753246 10.838466 -1.139754 -0.234825 -0.030393 0.682285 0.691679
1728974871.000477 -3.781637 10.956235 -1.147510 -0.226897 -0.018769 0.698422 0.678508
1728974871.100317 -3.820713 11.075857 -1.139641 -0.221728 -0.014014 0.708355 0.669980
1728974871.200176 -3.861613 11.192693 -1.140924 -0.232251 -0.020158 0.712124 0.662218
1728974871.300077 -3.906572 11.287219 -1.156795 -0.237254 -0.030263 0.708242 0.664220
1728974871.400397 -3.941972 11.396133 -1.182036 -0.233270 -0.026732 0.713389 0.660262
1728974871.500237 -3.965013 11.496759 -1.203289 -0.228486 -0.019073 0.711024 0.664737
1728974871.600097 -4.002502 11.602571 -1.222048 -0.230713 -0.018778 0.694134 0.681614
1728974871.700437 -4.021917 11.707707 -1.226154 -0.235821 -0.008246 0.681837 0.692401
1728974871.800297 -4.044217 11.804881 -1.236595 -0.239901 0.009695 0.668623 0.703773
1728974871.900177 -4.061479 11.921015 -1.259632 -0.235933 0.017429 0.661237 0.711897
1728974872.000057 -4.061931 12.005457 -1.289716 -0.233160 0.013357 0.656681 0.717097
1728974872.100397 -4.081076 12.120996 -1.297331 -0.220903 0.001031 0.685365 0.693885
1728974872.200257 -4.098397 12.239542 -1.290629 -0.218939 -0.001196 0.696314 0.683528
1728974872.300093 -4.125906 12.353044 -1.285490 -0.225092 0.006219 0.703803 0.673763
1728974872.400438 -4.155929 12.472987 -1.299100 -0.231978 -0.012611 0.697311 0.678074
1728974872.500318 -4.179202 12.595580 -1.327090 -0.238815 -0.022686 0.696143 0.676637
1728974872.600158 -4.197390 12.694356 -1.349459 -0.232697 -0.025066 0.697885 0.676890
1728974872.700478 -4.214067 12.816549 -1.361973 -0.238280 -0.008893 0.689930 0.683476
1728974872.800318 -4.228546 12.937486 -1.360121 -0.248598 -0.000966 0.673551 0.696079
1728974872.900173 -4.234133 13.046386 -1.368682 -0.262782 0.014371 0.668908 0.695198
1728974873.000018 -4.238691 13.151014 -1.388290 -0.259160 -0.000728 0.649960 0.714414
1728974873.100338 -4.221408 13.283365 -1.405669 -0.243366 -0.006228 0.658046 0.712538
1728974873.200178 -4.225363 13.386562 -1.403562 -0.223922 -0.007814 0.672117 0.705731
1728974873.300018 -4.234580 13.504810 -1.399826 -0.218173 -0.006422 0.681777 0.698241
1728974873.400358 -4.246833 13.636079 -1.395306 -0.222272 0.006984 0.681747 0.696970
1728974873.500006 -4.265909 13.748702 -1.390161 -0.211893 0.005792 0.689622 0.692452
1728974873.600099 -4.285383 13.877710 -1.414564 -0.204435 -0.001640 0.691064 0.693278
1728974873.700438 -4.308645 13.997315 -1.422287 -0.190991 -0.005836 0.692338 0.695814
1728974873.800278 -4.342075 14.112225 -1.433163 -0.193507 -0.015182 0.702620 0.684580
1728974873.900118 -4.374726 14.232372 -1.432488 -0.212233 -0.019971 0.691456 0.690252
1728974874.000458 -4.394351 14.350340 -1.433495 -0.225702 -0.015839 0.682401 0.695081
1728974874.100358 -4.401313 14.457768 -1.460592 -0.213000 -0.011884 0.682150 0.699400
1728974874.200198 -4.395988 14.587834 -1.466334 -0.198681 -0.001450 0.699192 0.686771
1728974874.300059 -4.394926 14.701785 -1.496218 -0.204573 -0.004767 0.693451 0.690835
1728974874.400378 -4.418266 14.823442 -1.493871 -0.210519 0.004637 0.705043 0.677181
1728974874.500209 -4.434020 14.934841 -1.484483 -0.200703 0.049723 0.723065 0.659107
1728974874.599979 -4.450769 15.070035 -1.496541 -0.192648 0.063080 0.729085 0.653715
1728974874.700378 -4.490510 15.164343 -1.524795 -0.196597 0.047619 0.734848 0.647364
1728974874.800219 -4.542918 15.254917 -1.532790 -0.198959 0.016755 0.740385 0.641845
1728974874.900059 -4.617730 15.339282 -1.538458 -0.201636 -0.022642 0.731586 0.650855
1728974875.000378 -4.668576 15.434158 -1.544098 -0.207149 -0.011344 0.739116 0.640833
1728974875.100214 -4.696581 15.527150 -1.548330 -0.192708 -0.002201 0.742771 0.641210
1728974875.200058 -4.716423 15.637010 -1.559241 -0.178200 0.004186 0.748656 0.638546
1728974875.300379 -4.736336 15.744303 -1.588109 -0.179995 -0.007956 0.752366 0.633628
1728974875.400214 -4.764036 15.855452 -1.609557 -0.191267 -0.031952 0.747273 0.635593
1728974875.500059 -4.797762 15.960023 -1.618106 -0.200463 -0.033103 0.751567 0.627587
1728974875.600379 -4.828284 16.086929 -1.623826 -0.218083 -0.027025 0.744630 0.630266
1728974875.700219 -4.861205 16.186705 -1.637346 -0.224038 -0.020197 0.745365 0.627559
1728974875.800059 -4.881437 16.291746 -1.661658 -0.223962 -0.015264 0.748597 0.623867
1728974875.900379 -4.912807 16.384623 -1.684779 -0.228353 -0.035194 0.746126 0.624430
1728974876.000219 -4.962343 16.473604 -1.696875 -0.235654 -0.059118 0.736483 0.631320
1728974876.100059 -5.007044 16.572589 -1.702333 -0.241280 -0.053047 0.732632 0.634209
1728974876.200379 -5.024743 16.682080 -1.705496 -0.248012 -0.035140 0.723074 0.643755
1728974876.300219 -5.049578 16.789148 -1.730781 -0.244024 -0.032739 0.707576 0.662357
1728974876.400059 -5.057711 16.917511 -1.759488 -0.237571 -0.029692 0.706136 0.666371
1728974876.500379 -5.070823 17.025449 -1.787872 -0.235456 -0.024586 0.709029 0.664255
1728974876.600219 -5.093680 17.151401 -1.794265 -0.248536 -0.023295 0.713409 0.654778
1728974876.700059 -5.115594 17.286288 -1.798397 -0.262606 -0.007015 0.697959 0.666214
1728974876.800379 -5.143189 17.413865 -1.806181 -0.262711 0.010270 0.699498 0.664515
1728974876.900219 -5.175857 17.533737 -1.841276 -0.277548 0.010844 0.697028 0.661061
1728974877.000059 -5.206482 17.648946 -1.864554 -0.283567 -0.006070 0.694830 0.660881
1728974877.100379 -5.247214 17.765025 -1.873385 -0.281860 -0.018663 0.686444 0.670076
1728974877.200219 -5.281348 17.885039 -1.890892 -0.285425 0.013235 0.681528 0.673704
1728974877.300061 -5.300076 18.000505 -1.880176 -0.279362 0.030265 0.676578 0.680649
1728974877.400380 -5.316333 18.113833 -1.901365 -0.269546 0.028047 0.672015 0.689169
1728974877.500220 -5.326642 18.229991 -1.928111 -0.271451 0.029386 0.677137 0.683327
1728974877.600060 -5.340844 18.364226 -1.947515 -0.272636 0.027606 0.685995 0.674031
1728974877.700380 -5.357311 18.474115 -1.943986 -0.253073 0.017437 0.701485 0.666009
1728974877.800181 -5.376859 18.612351 -1.931711 -0.265613 0.052969 0.705987 0.654390
1728974877.900060 -5.388197 18.713579 -1.944958 -0.257188 0.050737 0.705737 0.658191
1728974878.000380 -5.411095 18.828890 -1.961912 -0.248571 0.026804 0.704382 0.664335
1728974878.100220 -5.433857 18.978093 -1.982470 -0.263706 0.038152 0.707709 0.654333
1728974878.200060 -5.464518 19.061932 -1.992950 -0.265796 0.043406 0.715153 0.645000
1728974878.300381 -5.489294 19.174994 -1.984291 -0.266637 0.046945 0.712230 0.647633
1728974878.400221 -5.505681 19.296348 -1.981157 -0.259764 0.043032 0.704101 0.659479
1728974878.499987 -5.499319 19.389796 -1.987687 -0.234693 0.046420 0.710254 0.662045
1728974878.600381 -5.489256 19.524710 -2.002234 -0.214383 0.046382 0.717061 0.661598
1728974878.700221 -5.493218 19.640403 -2.005966 -0.209723 0.045203 0.728081 0.651054
1728974878.800016 -5.496375 19.760950 -1.994080 -0.215870 0.035019 0.720670 0.657881
1728974878.900376 -5.510603 19.880913 -1.980292 -0.225444 0.027601 0.714951 0.661255
1728974879.000221 -5.515167 19.982530 -1.988421 -0.226288 0.021682 0.710050 0.666448
1728974879.100061 -5.521856 20.094973 -2.001772 -0.226465 0.021455 0.713265 0.662953
1728974879.200381 -5.529887 20.199528 -2.018901 -0.233514 0.005555 0.706995 0.667532
1728974879.300220 -5.548743 20.308228 -2.013426 -0.234417 -0.032754 0.687266 0.686762
1728974879.400060 -5.558337 20.406938 -2.006233 -0.242783 -0.026435 0.682612 0.688766
1728974879.500425 -5.566260 20.524272 -2.002779 -0.247335 -0.011557 0.672529 0.697421
1728974879.599890 -5.554174 20.633495 -2.020449 -0.229241 -0.001213 0.678885 0.697540
1728974879.700160 -5.546019 20.750867 -2.037388 -0.218951 -0.000154 0.686468 0.693414
1728974879.800000 -5.540412 20.864892 -2.036266 -0.204716 -0.014073 0.698797 0.685256
1728974879.900360 -5.538592 20.976294 -2.019728 -0.208523 0.000239 0.707070 0.675700
1728974880.000220 -5.551701 21.091214 -2.014225 -0.219380 0.004313 0.712173 0.666831
1728974880.100140 -5.562965 21.211779 -2.030160 -0.227926 0.007039 0.708171 0.668202
1728974880.200020 -5.574872 21.317485 -2.045464 -0.226149 0.004595 0.713630 0.662999
1728974880.300361 -5.590499 21.427060 -2.056074 -0.230310 -0.018097 0.703817 0.671768
1728974880.400282 -5.610459 21.541036 -2.061546 -0.246208 -0.027341 0.696592 0.673345
1728974880.500162 -5.621398 21.640021 -2.057311 -0.244246 -0.023316 0.689198 0.681768
1728974880.600042 -5.616749 21.738818 -2.063437 -0.239252 -0.006160 0.683392 0.689707
1728974880.700437 -5.591837 21.859266 -2.080248 -0.235536 0.003243 0.678410 0.695897
1728974880.800382 -5.584762 21.969392 -2.086447 -0.226988 -0.002049 0.679065 0.698100
1728974880.900282 -5.576113 22.063037 -2.081805 -0.209184 -0.000001 0.692325 0.690600
1728974881.000202 -5.568251 22.170446 -2.058478 -0.208605 0.003329 0.694971 0.688105
1728974881.100142 -5.577579 22.283416 -2.040962 -0.212961 0.012320 0.705051 0.676312
1728974881.200042 -5.588973 22.378173 -2.049450 -0.217463 -0.001113 0.698808 0.681451
1728974881.300422 -5.593947 22.480885 -2.069917 -0.223080 -0.007157 0.698115 0.680308
1728974881.400262 -5.599954 22.589299 -2.087451 -0.217253 -0.007751 0.701635 0.678565
1728974881.500137 -5.615644 22.701652 -2.092684 -0.222019 -0.019735 0.690056 0.688579
1728974881.600042 -5.629891 22.786372 -2.095024 -0.236768 -0.003999 0.688476 0.685511
1728974881.700382 -5.631064 22.892788 -2.102852 -0.240782 0.003184 0.681168 0.691393
1728974881.800242 -5.629298 22.986077 -2.124644 -0.239877 0.020060 0.688707 0.683914
1728974881.900122 -5.610339 23.094087 -2.144864 -0.231511 0.028990 0.697438 0.677600
1728974882.000442 -5.597043 23.189769 -2.157876 -0.215944 0.034412 0.708977 0.670475
1728974882.100342 -5.593667 23.300133 -2.146032 -0.227398 0.057190 0.716493 0.657006
1728974882.200242 -5.583325 23.415984 -2.150940 -0.239923 0.082643 0.714824 0.651640
1728974882.300142 -5.582583 23.508365 -2.149952 -0.238492 0.069978 0.712250 0.656449
1728974882.400002 -5.597948 23.599208 -2.149738 -0.259657 0.062458 0.700590 0.661703
1728974882.500362 -5.595259 23.702543 -2.158281 -0.266997 0.050898 0.697804 0.662716
1728974882.600202 -5.611769 23.807872 -2.161288 -0.267868 0.033806 0.691016 0.670523
1728974882.700102 -5.625095 23.916488 -2.165482 -0.282120 0.030112 0.680428 0.675662
1728974882.800442 -5.639411 24.009666 -2.148879 -0.285406 0.031679 0.677078 0.677573
1728974882.900302 -5.641319 24.108820 -2.153830 -0.289315 0.024259 0.663307 0.689734
1728974883.000142 -5.636159 24.219438 -2.173320 -0.278690 0.028319 0.671521 0.685995
1728974883.100462 -5.634449 24.324651 -2.174931 -0.272822 0.027390 0.684427 0.675557
1728974883.200322 -5.629200 24.460678 -2.182606 -0.284627 0.032620 0.688944 0.665792
1728974883.300163 -5.631609 24.578418 -2.166919 -0.302899 0.065296 0.688343 0.655876
1728974883.400003 -5.633903 24.706319 -2.171654 -0.281080 0.067812 0.695819 0.657443
1728974883.500308 -5.651919 24.799182 -2.173179 -0.265759 0.035001 0.686089 0.676335
1728974883.599812 -5.688115 24.905166 -2.197102 -0.272429 0.015657 0.706112 0.653409
1728974883.700043 -5.729995 25.023715 -2.217005 -0.308533 0.034073 0.727661 0.611683
1728974883.800363 -5.750033 25.147706 -2.226778 -0.303560 0.027416 0.732304 0.608958
1728974883.900203 -5.772704 25.255749 -2.223702 -0.287254 0.005683 0.725437 0.625455
1728974884.000063 -5.790292 25.377437 -2.248889 -0.302087 -0.018901 0.696030 0.651098
1728974884.100403 -5.814752 25.486336 -2.266108 -0.313342 0.013376 0.697689 0.644102
1728974884.200243 -5.816721 25.617188 -2.287720 -0.278947 0.023925 0.714131 0.641586
1728974884.300083 -5.818953 25.740690 -2.286296 -0.250601 0.029430 0.733419 0.631213
1728974884.400403 -5.822775 25.878499 -2.266235 -0.258021 0.035793 0.723381 0.639425
1728974884.500243 -5.845148 25.997601 -2.260028 -0.258489 0.028457 0.719254 0.644241
1728974884.600078 -5.871989 26.099132 -2.264843 -0.264979 0.011901 0.704739 0.658018
1728974884.700403 -5.888562 26.216449 -2.294917 -0.259389 0.022091 0.714734 0.649142
1728974884.800263 -5.906361 26.333840 -2.304805 -0.263992 0.019845 0.712955 0.649314
1728974884.900103 -5.922123 26.437629 -2.303986 -0.265332 0.003132 0.701321 0.661617
1728974885.000423 -5.945566 26.542959 -2.298306 -0.278541 0.035068 0.698807 0.657916
1728974885.100263 -5.929460 26.661451 -2.324643 -0.271706 0.027241 0.684984 0.675448
1728974885.200093 -5.917651 26.764893 -2.313662 -0.263278 0.033786 0.682334 0.681148
1728974885.300423 -5.905073 26.877957 -2.319961 -0.266670 0.019586 0.677547 0.685152
1728974885.400263 -5.896640 26.987083 -2.317733 -0.264369 0.011594 0.680295 0.683501
1728974885.500103 -5.889078 27.106049 -2.316187 -0.263319 0.024403 0.690552 0.673205
1728974885.600423 -5.887386 27.222764 -2.289490 -0.265126 0.024316 0.691357 0.671671
1728974885.700263 -5.888867 27.317666 -2.269802 -0.262982 0.015141 0.692343 0.671768
1728974885.800103 -5.885376 27.433992 -2.278005 -0.259544 0.009634 0.698544 0.666768
1728974885.900423 -5.871972 27.556495 -2.290206 -0.264098 0.009518 0.701002 0.662388
1728974886.000263 -5.862646 27.667006 -2.277123 -0.269503 -0.015823 0.684563 0.677120
1728974886.100103 -5.856495 27.781488 -2.266238 -0.278599 -0.021009 0.670732 0.687066
1728974886.200423 -5.829671 27.867972 -2.259989 -0.268865 -0.008472 0.666815 0.694980
1728974886.300264 -5.797501 27.969484 -2.253875 -0.255000 0.012368 0.667790 0.699198
1728974886.400104 -5.769751 28.084774 -2.267454 -0.252362 -0.003518 0.667315 0.700708
1728974886.500424 -5.767006 28.203900 -2.242943 -0.249571 -0.022194 0.677687 0.691348
1728974886.600264 -5.759398 28.293692 -2.226907 -0.235697 -0.013158 0.688082 0.686161
1728974886.700104 -5.753227 28.377762 -2.221527 -0.235454 -0.008803 0.698962 0.675230
1728974886.800424 -5.758129 28.437538 -2.208500 -0.258283 -0.017381 0.685821 0.680175
1728974886.900264 -5.745224 28.518951 -2.214979 -0.256182 -0.009257 0.685920 0.681027
1728974887.000104 -5.744320 28.598582 -2.219297 -0.246475 0.012005 0.685075 0.685403
1728974887.100424 -5.732779 28.686100 -2.214586 -0.248366 0.014522 0.675287 0.694327
1728974887.200264 -5.727285 28.776966 -2.229992 -0.246438 -0.001859 0.659559 0.710104
1728974887.300104 -5.715892 28.841956 -2.222425 -0.208709 0.006003 0.637755 0.741400
1728974887.400419 -5.709671 28.933011 -2.214922 -0.173418 0.036115 0.639333 0.748248
1728974887.500264 -5.715262 29.019269 -2.220824 -0.176842 0.025869 0.635218 0.751369
1728974887.599654 -5.724314 29.076396 -2.220277 -0.195185 0.022987 0.635439 0.746720
1728974887.700424 -5.738032 29.176378 -2.214727 -0.209563 0.028029 0.630089 0.747185
1728974887.800264 -5.740238 29.256569 -2.213057 -0.221301 0.022969 0.627676 0.746003
1728974887.900104 -5.731556 29.346090 -2.235878 -0.225897 0.018307 0.638429 0.735557
1728974888.000424 -5.745352 29.439466 -2.219354 -0.219761 0.005978 0.673523 0.705717
1728974888.100264 -5.748685 29.559389 -2.237731 -0.222938 -0.019551 0.677991 0.700175
1728974888.200104 -5.773203 29.662346 -2.242238 -0.242534 -0.025791 0.683766 0.687733
1728974888.300425 -5.784585 29.755122 -2.269553 -0.255775 -0.022130 0.687802 0.678982
1728974888.400265 -5.805595 29.853722 -2.259434 -0.255408 -0.023434 0.694220 0.672515
1728974888.500105 -5.804051 29.943036 -2.282353 -0.247993 -0.019138 0.689962 0.679769
1728974888.600138 -5.804278 30.063585 -2.291466 -0.247326 -0.007233 0.686726 0.683510
1728974888.700265 -5.545955 30.217227 -2.990241 -0.251513 -0.026952 0.666511 0.701269
1728974888.800105 -15.894400 23.869302 -58.426692 -0.578240 -0.264181 0.469835 0.612456
1728974888.900424 -5.799216 30.362530 -2.302202 -0.237352 -0.004600 0.645809 0.725654
1728974889.000265 -5.792577 30.481890 -2.306525 -0.230493 0.016453 0.653428 0.720856
1728974889.100105 -5.781264 30.591545 -2.298844 -0.210259 0.021218 0.674330 0.707545
1728974889.200424 -5.785227 30.704009 -2.291996 -0.228634 0.019854 0.667973 0.707915
1728974889.300265 -5.802631 30.825523 -2.271728 -0.236706 0.020383 0.668823 0.704437
1728974889.400105 -5.809746 30.937717 -2.285570 -0.239831 0.008099 0.665163 0.707088
